CASES

1. Crash
Normalised theta:  [-0.48830792, 0.0, 0.0926515,   0.0, -0.20115554,  0.0, -0.74026618, -0.40519781,  0.01811742]
Expert theta:  [ 0.11  0.    0.78  0.    0.52  0.    0.27  0.   -0.22]

2. Near optimal 
Normalised theta:  [-2.20066907e-02  0.00000000e+00 -1.27554408e-02  3.33393935e-04
  4.43134485e-03  3.57984592e-04 -2.42856287e-02 -9.99219659e-01
  1.74186274e-02]
Expert theta:  [0.13 0.   0.03 0.   0.04 0.   0.34 0.93 0.  ]

3. Crash Later
Normalised theta:  [-0.47891923  0.00720427 -0.00478972  0.         -0.25285885  0.
 -0.73379344 -0.40935805  0.02443572]
Expert theta:  [ 0.06  0.03  0.03  0.    0.02  0.    0.13  0.98 -0.13]

4. Slow
Normalised theta:  [-0.48196767  0.         -0.00851752  0.         -0.25458718  0.
 -0.7308148  -0.40996414  0.02567322]
Expert theta:  [0.15 0.   0.05 0.   0.05 0.   0.34 0.93 0.  ]