Lower Lane

[1.   0.04 1.   0.   0.  ] 1
[1.         0.07049762 1.         0.12603198 0.10099719] 1
[1.         0.07922142 1.         0.01223453 0.00978778] 2
[1.000000e+00 7.994574e-02 1.000000e+00 8.872028e-04 7.097623e-04] 1
[1.0000000e+00 7.9996392e-02 1.0000000e+00 5.9731108e-05 4.7784888e-05] 1
[1.0000000e+00 7.9999767e-02 1.0000000e+00 3.9263778e-06 3.1411021e-06] 1
[1.0000000e+00 7.9999983e-02 1.0000000e+00 2.5598484e-07 2.0478787e-07] 1
[1.0000000e+00 7.9999998e-02 1.0000000e+00 1.6641136e-08 1.3312909e-08] 1
[1.0000000e+00 7.9999998e-02 1.0000000e+00 1.0807077e-09 8.6456620e-10] 1
[1.0000000e+00 7.9999998e-02 1.0000000e+00 7.0157880e-11 5.6126347e-11] 1
[1.0000000e+00 7.9999998e-02 1.0000000e+00 4.5536908e-12 3.6429943e-12] 1
[[1.0, 0.07999999821186066, 1.0, 4.553690757802542e-12, 3.642994326341631e-12], [0.11829091608524323, 2.7333690866271354e-13, -0.051772937178611755, -4.553690757802542e-12, 0.0], [1.0, 0.07999999821186066, 1.0, 4.553690757802542e-12, 3.642994326341631e-12], [0.11829091608524323, 2.7333690866271354e-13, -0.051772937178611755, -4.553690757802542e-12, 0.0]] None


No change -middle lane
[1.   0.04 1.   0.   0.  ] 1
[1.   0.04 1.   0.   0.  ] 1
[1.   0.04 1.   0.   0.  ] 1
[1.   0.04 1.   0.   0.  ] 1
[1.   0.04 1.   0.   0.  ] 1
[1.   0.04 1.   0.   0.  ] 1
[1.   0.04 1.   0.   0.  ] 1
[1.   0.04 1.   0.   0.  ] 1
[1.   0.04 1.   0.   0.  ] 1
[1.   0.04 1.   0.   0.  ] 1
[1.   0.04 1.   0.   0.  ] 1
[[1.0, 0.03999999910593033, 1.0, 0.0, 0.0], [0.11562740057706833, 0.03999999910593033, -0.051772937178611755, 0.0, 0.0], [1.0, 0.03999999910593033, 1.0, 0.0, 0.0], [0.11562740057706833, 0.03999999910593033, -0.051772937178611755, 0.0, 0.0]] None


Top lane
[1.   0.04 1.   0.   0.  ] 1
[ 1.          0.00694576  1.         -0.09622867 -0.07705918] 1
[ 1.0000000e+00  5.4864521e-04  1.0000000e+00 -8.6954068e-03
 -6.9563817e-03] 1
[ 1.0000000e+00  3.7862970e-05  1.0000000e+00 -6.2070484e-04
 -4.9656391e-04] 1
[ 1.0000000e+00  2.5094610e-06  1.0000000e+00 -4.1585816e-05
 -3.3268654e-05] 1
[ 1.0000000e+00  1.6407557e-07  1.0000000e+00 -2.7290926e-06
 -2.1832741e-06] 1
[ 1.0000000e+00  1.0677022e-08  1.0000000e+00 -1.7782354e-07
 -1.4225884e-07] 1
[ 1.0000000e+00  6.9363404e-10  1.0000000e+00 -1.1557643e-08
 -9.2461141e-09] 1
[ 1.000000e+00  4.503531e-11  1.000000e+00 -7.505212e-10 -6.004170e-10] 1
[ 1.0000000e+00  2.9232172e-12  1.0000000e+00 -4.8721582e-11
 -3.8977217e-11] 1
[ 1.0000000e+00  1.8962609e-13  1.0000000e+00 -3.1624703e-12
 -2.5299272e-12] 1
[[1.0, 1.8962609260597674e-13, 1.0, -3.1624702856447584e-12, -2.5299272225776104e-12], [0.11829091608524323, 0.07999999821186066, -0.051772937178611755, 3.162359263342296e-12, 0.0], [1.0, 1.8962609260597674e-13, 1.0, -3.1624702856447584e-12, -2.5299272225776104e-12], [0.11829091608524323, 0.07999999821186066, -0.051772937178611755, 3.162359263342296e-12, 0.0]] None


Lower speed
[1.   0.04 1.   0.   0.  ] 1
[1.   0.04 1.   0.   0.  ] 1
[1.   0.04 1.   0.   0.  ] 4
[1.   0.04 1.   0.   0.  ] 4
[1.   0.04 1.   0.   0.  ] 4
[1.   0.04 1.   0.   0.  ] 4
[1.   0.04 1.   0.   0.  ] 4
[1.   0.04 1.   0.   0.  ] 4
[1.   0.04 1.   0.   0.  ] 4
[1.   0.04 1.   0.   0.  ] 4
[1.   0.04 1.   0.   0.  ] 4
[[1.0, 0.03999999910593033, 1.0, 0.0, 0.0], [0.5489607453346252, 0.03999999910593033, 0.19822704792022705, 0.0, 0.0], [1.0, 0.03999999910593033, 1.0, 0.0, 0.0], [0.5489607453346252, 0.03999999910593033, 0.19822704792022705, 0.0, 0.0]] None


[1.   0.04 1.   0.   0.  ] 1
[1.   0.04 1.   0.   0.  ] 1
[1.   0.04 1.   0.   0.  ] 1
[1.   0.04 1.   0.   0.  ] 1
[1.   0.04 1.   0.   0.  ] 1
[1.   0.04 1.   0.   0.  ] 3
[1.   0.04 1.   0.   0.  ] 3
[1.   0.04 1.   0.   0.  ] 3
[1.   0.04 1.   0.   0.  ] 3
[1.   0.04 1.   0.   0.  ] 3
[1.   0.04 1.   0.   0.  ] 3
[[1.0, 0.03999999910593033, 1.0, 0.0, 0.0], [0.0, 0.0, 0.0, 0.0, 0.0], [1.0, 0.03999999910593033, 1.0, 0.0, 0.0], [0.0, 0.0, 0.0, 0.0, 0.0]] None


[[ 1.    0.33  0.31  0.    0.  ]
 [ 0.11  0.33 -0.01  0.    0.  ]] 1

[[ 1.    0.33  0.31  0.    0.  ]
 [ 0.1   0.33 -0.01  0.    0.  ]] 1

[[ 1.    0.33  0.31  0.    0.  ]
 [ 0.1   0.33 -0.01  0.    0.  ]] 1

[[ 1.    0.62  0.32  0.02  0.07]
 [ 0.1   0.05 -0.02 -0.02  0.  ]] 2

[[ 1.    0.66  0.37  0.    0.  ]
 [ 0.08  0.   -0.07 -0.    0.  ]] 2

[[ 1.    0.67  0.37  0.    0.  ]
 [ 0.05  0.   -0.07 -0.    0.  ]] 3

[[ 1.    0.67  0.3   0.    0.  ]
 [ 0.03  0.   -0.06 -0.    0.  ]] 3

[[ 1.    0.67  0.11  0.    0.  ]
 [ 0.03 -0.   -0.02 -0.    0.  ]] 3

[[ 1.    0.67  0.04  0.    0.  ]
 [ 0.03 -0.   -0.01 -0.    0.  ]] 1

[[ 1.    0.67  0.01  0.    0.  ]
 [ 0.03 -0.   -0.   -0.    0.  ]] 1

[[ 1.    0.67  0.    0.    0.  ]
 [ 0.03 -0.   -0.   -0.    0.  ]] 1
 
[[1.0, 0.6666855812072754, 0.004851664882153273, 4.686176424684163e-08, 9.658903763920534e-06], [0.02500004880130291, -1.849058025982231e-05, -0.0009719834197312593, -4.686176424684163e-08, 0.0], [1.0, 0.6666855812072754, 0.004851664882153273, 4.686176424684163e-08, 9.658903763920534e-06], [0.02500004880130291, -1.849058025982231e-05, -0.0009719834197312593, -4.686176424684163e-08, 0.0]] None



[[ 1.    0.33  0.31  0.    0.  ]
 [ 0.11  0.33 -0.01  0.    0.  ]] 1
[[ 1.    0.56  0.31  0.04  0.13]
 [ 0.11  0.11 -0.01 -0.04  0.  ]] 1


[[ 1.    0.66  0.34  0.    0.01]
 [ 0.1   0.01 -0.04 -0.    0.  ]] 2


[[ 1.    0.67  0.37  0.    0.  ]
 [ 0.08  0.   -0.07 -0.    0.  ]] 3
[[ 1.    0.67  0.37  0.    0.  ]
 [ 0.05  0.   -0.07 -0.    0.  ]] 3
[[ 1.    0.67  0.28  0.    0.  ]
 [ 0.03 -0.   -0.06 -0.    0.  ]] 3
[[ 1.    0.67  0.1   0.    0.  ]
 [ 0.03 -0.   -0.02 -0.    0.  ]] 3
[[ 1.    0.67  0.04  0.    0.  ]
 [ 0.03 -0.   -0.01 -0.    0.  ]] 1
[[ 1.    0.67  0.01  0.    0.  ]
 [ 0.03 -0.   -0.   -0.    0.  ]] 1
[[ 1.    0.67  0.    0.    0.  ]
 [ 0.03 -0.   -0.   -0.    0.  ]] 1
[[ 1.    0.67  0.    0.    0.  ]
 [ 0.03 -0.   -0.   -0.    0.  ]] 1
[[1.0, 0.6666690707206726, 0.0016092199366539717, 1.767863855306473e-09, 1.098584334613406e-06], 
[0.025000005960464478, -2.3907875856821192e-06, -0.000322794949170202, -1.767863855306473e-09, 0.0], [1.0, 0.6666690707206726, 0.0016092199366539717, 1.767863855306473e-09, 1.098584334613406e-06], [0.025000005960464478, -2.3907875856821192e-06, -0.000322794949170202, -1.767863855306473e-09, 0.0]] None
