[[ 1.    0.04  1.    0.    0.  ]
 [ 0.22  0.04 -0.05  0.    0.  ]] 1
[[ 1.    0.04  1.    0.    0.  ]
 [ 0.21  0.04 -0.05  0.    0.  ]] 1
[[ 1.    0.04  1.    0.    0.  ]
 [ 0.2   0.04 -0.05  0.    0.  ]] 1
[[ 1.    0.04  1.    0.    0.  ]
 [ 0.19  0.04 -0.05  0.    0.  ]] 1
[[ 1.    0.04  1.    0.    0.  ]
 [ 0.18  0.04 -0.05  0.    0.  ]] 1
[[ 1.    0.05  1.    0.22  0.17]
 [ 0.17  0.03 -0.03 -0.22  0.  ]] 1
[[ 1.    0.08  1.    0.05  0.04]
 [ 0.15  0.   -0.19 -0.05  0.  ]] 2
[[ 1.    0.08  1.    0.    0.  ]
 [ 0.1   0.   -0.28 -0.    0.  ]] 3
[[ 1.    0.08  1.    0.    0.  ]
 [ 0.05  0.   -0.28 -0.    0.  ]] 3
[[ 1.    0.08  0.5   0.    0.  ]
 [ 0.05 -0.   -0.1  -0.    0.  ]] 3
[[ 1.    0.08  0.18  0.    0.  ]
 [ 0.05 -0.   -0.04 -0.    0.  ]] 3
[[1.0, 0.08001942187547684, 0.1762736588716507, 1.782826984708663e-05, 0.00010113972530234605], [0.05000101029872894, -1.8987064322573133e-05, -0.03512420505285263, -1.782826984708663e-05, 0.0], [1.0, 0.08001942187547684, 0.1762736588716507, 1.782826984708663e-05, 0.00010113972530234605], [0.05000101029872894, -1.8987064322573133e-05, -0.03512420505285263, -1.782826984708663e-05, 0.0]] None
