(array([[ 1.        ,  0.04      ,  1.        ,  0.        ,  0.        ],
       [ 0.21917328,  0.04      , -0.05177294,  0.        ,  0.        ],
       [ 0.        ,  0.        ,  0.        ,  0.        ,  0.        ],
       [ 0.        ,  0.        ,  0.        ,  0.        ,  0.        ],
       [ 0.        ,  0.        ,  0.        ,  0.        ,  0.        ]],
      dtype=float32), 1, array([list([-0.6096903629416142]), 0, 361.0, 0.0, 0], dtype=object)) (array([[ 1.        ,  0.04      ,  1.        ,  0.        ,  0.        ],
       [ 0.18638454,  0.04      , -0.25371063,  0.        ,  0.        ],
       [ 0.        ,  0.        ,  0.        ,  0.        ,  0.        ],
       [ 0.        ,  0.        ,  0.        ,  0.        ,  0.        ],
       [ 0.        ,  0.        ,  0.        ,  0.        ,  0.        ]],
      dtype=float32), 1, array([list([-0.6619701106057543]), 0, 361.0, 0.0, 0], dtype=object)) (array([[ 1.        ,  0.04      ,  1.        ,  0.        ,  0.        ],
       [ 0.13081184,  0.04      , -0.29355964,  0.        ,  0.        ],
       [ 0.        ,  0.        ,  0.        ,  0.        ,  0.        ],
       [ 0.        ,  0.        ,  0.        ,  0.        ,  0.        ],
       [ 0.        ,  0.        ,  0.        ,  0.        ,  0.        ]],
      dtype=float32), 3, array([list([-0.7554880569699884]), 0, 361.0, 0.0, 0], dtype=object)) (array([[ 1.        ,  0.04      ,  1.        ,  0.        ,  0.        ],
       [ 0.07127442,  0.04      , -0.30036938,  0.        ,  0.        ],
       [ 0.        ,  0.        ,  0.        ,  0.        ,  0.        ],
       [ 0.        ,  0.        ,  0.        ,  0.        ,  0.        ],
       [ 0.        ,  0.        ,  0.        ,  0.        ,  0.        ]],
      dtype=float32), 3, array([list([-0.8625311990287359]), 0, 361.0, 0.0, 0], dtype=object)) (array([[ 1.        ,  0.04      ,  1.        ,  0.        ,  0.        ],
       [ 0.01105948,  0.04      , -0.30153307,  0.        ,  0.        ],
       [ 0.        ,  0.        ,  0.        ,  0.        ,  0.        ],
       [ 0.        ,  0.        ,  0.        ,  0.        ,  0.        ],
       [ 0.        ,  0.        ,  0.        ,  0.        ,  0.        ]],
      dtype=float32), 3, array([list([-0.9780033598854696]), 0, 361.0, 0.0, 0], dtype=object)) (array([[ 1.        ,  0.04      ,  1.        ,  0.        ,  0.        ],
       [-0.04927125,  0.04      , -0.30173194,  0.        ,  0.        ],
       [ 0.        ,  0.        ,  0.        ,  0.        ,  0.        ],
       [ 0.        ,  0.        ,  0.        ,  0.        ,  0.        ],
       [ 0.        ,  0.        ,  0.        ,  0.        ,  0.        ]],
      dtype=float32), 3, array([list([-1.1009701524691722]), 0, 361.0, 0.0, 0], dtype=object)) (array([[1.        , 0.07427412, 1.        , 0.08329156, 0.05555654],
       [0.        , 0.        , 0.        , 0.        , 0.        ],
       [0.        , 0.        , 0.        , 0.        , 0.        ],
       [0.        , 0.        , 0.        , 0.        , 0.        ],
       [0.        , 0.        , 0.        , 0.        , 0.        ]],
      dtype=float32), 2, array([list([-1.0055166453050823]), 10, 361.0, 0.055556539446115494, 0],
      dtype=object)) (array([[1.        , 0.07966437, 1.        , 0.00595031, 0.00396689],
       [0.        , 0.        , 0.        , 0.        , 0.        ],
       [0.        , 0.        , 0.        , 0.        , 0.        ],
       [0.        , 0.        , 0.        , 0.        , 0.        ],
       [0.        , 0.        , 0.        , 0.        , 0.        ]],
      dtype=float32), 3, array([list([-1.00634641215145]), 10, 361.0, 0.00396688561886549, 0],
      dtype=object)) (array([[1.0000000e+00, 7.9986557e-02, 1.0000000e+00, 2.7196456e-04,
        1.8130973e-04],
       [0.0000000e+00, 0.0000000e+00, 0.0000000e+00, 0.0000000e+00,
        0.0000000e+00],
       [0.0000000e+00, 0.0000000e+00, 0.0000000e+00, 0.0000000e+00,
        0.0000000e+00],
       [0.0000000e+00, 0.0000000e+00, 0.0000000e+00, 0.0000000e+00,
        0.0000000e+00],
       [0.0000000e+00, 0.0000000e+00, 0.0000000e+00, 0.0000000e+00,
        0.0000000e+00]], dtype=float32), 3, array([list([-1.0063978493590187]), 10, 361.0, 0.00018130973330698907, 0],
      dtype=object)) (array([[1.0000000e+00, 7.9999655e-02, 1.0000000e+00, 8.4656822e-06,
        5.6437880e-06],
       [0.0000000e+00, 0.0000000e+00, 0.0000000e+00, 0.0000000e+00,
        0.0000000e+00],
       [0.0000000e+00, 0.0000000e+00, 0.0000000e+00, 0.0000000e+00,
        0.0000000e+00],
       [0.0000000e+00, 0.0000000e+00, 0.0000000e+00, 0.0000000e+00,
        0.0000000e+00],
       [0.0000000e+00, 0.0000000e+00, 0.0000000e+00, 0.0000000e+00,
        0.0000000e+00]], dtype=float32), 3, array([list([-1.0063999448777432]), 10, 361.0, 5.6437879720760975e-06, 0],
      dtype=object)) (array([[1.0000000e+00, 7.9999998e-02, 1.0000000e+00, 1.0291506e-07,
        6.8610042e-08],
       [0.0000000e+00, 0.0000000e+00, 0.0000000e+00, 0.0000000e+00,
        0.0000000e+00],
       [0.0000000e+00, 0.0000000e+00, 0.0000000e+00, 0.0000000e+00,
        0.0000000e+00],
       [0.0000000e+00, 0.0000000e+00, 0.0000000e+00, 0.0000000e+00,
        0.0000000e+00],
       [0.0000000e+00, 0.0000000e+00, 0.0000000e+00, 0.0000000e+00,
        0.0000000e+00]], dtype=float32), 3, array([list([-1.0063999997138977]), 10, 361.0, 6.861004209213206e-08, 0],
      dtype=object)) ([[1.0, 0.07999999821186066, 1.0, 1.0291505958548441e-07, 6.861004209213206e-08], [0.0, 0.0, 0.0, 0.0, 0.0], [1.0, 0.07999999821186066, 1.0, 1.0291505958548441e-07, 6.861004209213206e-08], [0.0, 0.0, 0.0, 0.0, 0.0]], None)
(array([[ 1.        ,  0.04      ,  1.        ,  0.        ,  0.        ],
       [ 0.2188029 ,  0.04      , -0.10424207,  0.        ,  0.        ],
       [ 0.        ,  0.        ,  0.        ,  0.        ,  0.        ],
       [ 0.        ,  0.        ,  0.        ,  0.        ,  0.        ],
       [ 0.        ,  0.        ,  0.        ,  0.        ,  0.        ]],
      dtype=float32), 1, array([list([-0.61026891041982]), 0, 361.0, 0.0, 0], dtype=object)) (array([[ 1.        ,  0.04      ,  1.        ,  0.        ,  0.        ],
       [ 0.17810133,  0.04      , -0.26801723,  0.        ,  0.        ],
       [ 0.        ,  0.        ,  0.        ,  0.        ,  0.        ],
       [ 0.        ,  0.        ,  0.        ,  0.        ,  0.        ],
       [ 0.        ,  0.        ,  0.        ,  0.        ,  0.        ]],
      dtype=float32), 3, array([list([-0.6755174221112705]), 0, 361.0, 0.0, 0], dtype=object)) (array([[ 1.        ,  0.04      ,  1.        ,  0.        ,  0.        ],
       [ 0.12110522,  0.04      , -0.29600447,  0.        ,  0.        ],
       [ 0.        ,  0.        ,  0.        ,  0.        ,  0.        ],
       [ 0.        ,  0.        ,  0.        ,  0.        ,  0.        ],
       [ 0.        ,  0.        ,  0.        ,  0.        ,  0.        ]],
      dtype=float32), 3, array([list([-0.7724560405627591]), 0, 361.0, 0.0, 0], dtype=object)) (array([[ 1.        ,  0.04      ,  1.        ,  0.        ,  0.        ],
       [ 0.06132456,  0.04      , -0.30078718,  0.        ,  0.        ],
       [ 0.        ,  0.        ,  0.        ,  0.        ,  0.        ],
       [ 0.        ,  0.        ,  0.        ,  0.        ,  0.        ],
       [ 0.        ,  0.        ,  0.        ,  0.        ,  0.        ]],
      dtype=float32), 3, array([list([-0.881111590244627]), 0, 361.0, 0.0, 0], dtype=object)) (array([[ 1.        ,  0.04      ,  1.        ,  0.        ,  0.        ],
       [ 0.00106804,  0.04      , -0.30160448,  0.        ,  0.        ],
       [ 0.        ,  0.        ,  0.        ,  0.        ,  0.        ],
       [ 0.        ,  0.        ,  0.        ,  0.        ,  0.        ],
       [ 0.        ,  0.        ,  0.        ,  0.        ,  0.        ]],
      dtype=float32), 3, array([list([-0.9978650536718925]), 0, 361.0, 0.0, 0], dtype=object)) (array([[ 1.        ,  0.04      ,  1.        ,  0.        ,  0.        ],
       [-0.05926979,  0.04      , -0.30174416,  0.        ,  0.        ],
       [ 0.        ,  0.        ,  0.        ,  0.        ,  0.        ],
       [ 0.        ,  0.        ,  0.        ,  0.        ,  0.        ],
       [ 0.        ,  0.        ,  0.        ,  0.        ,  0.        ]],
      dtype=float32), 3, array([list([-1.1220524792804696]), 0, 361.0, 0.0, 0], dtype=object)) (array([[1.  , 0.04, 1.  , 0.  , 0.  ],
       [0.  , 0.  , 0.  , 0.  , 0.  ],
       [0.  , 0.  , 0.  , 0.  , 0.  ],
       [0.  , 0.  , 0.  , 0.  , 0.  ],
       [0.  , 0.  , 0.  , 0.  , 0.  ]], dtype=float32), 3, array([list([-1.0015999999284744]), 0, 361.0, 0.0, 0], dtype=object)) (array([[1.  , 0.04, 1.  , 0.  , 0.  ],
       [0.  , 0.  , 0.  , 0.  , 0.  ],
       [0.  , 0.  , 0.  , 0.  , 0.  ],
       [0.  , 0.  , 0.  , 0.  , 0.  ],
       [0.  , 0.  , 0.  , 0.  , 0.  ]], dtype=float32), 3, array([list([-1.0015999999284744]), 0, 361.0, 0.0, 0], dtype=object)) (array([[1.  , 0.04, 1.  , 0.  , 0.  ],
       [0.  , 0.  , 0.  , 0.  , 0.  ],
       [0.  , 0.  , 0.  , 0.  , 0.  ],
       [0.  , 0.  , 0.  , 0.  , 0.  ],
       [0.  , 0.  , 0.  , 0.  , 0.  ]], dtype=float32), 3, array([list([-1.0015999999284744]), 0, 361.0, 0.0, 0], dtype=object)) (array([[1.  , 0.04, 1.  , 0.  , 0.  ],
       [0.  , 0.  , 0.  , 0.  , 0.  ],
       [0.  , 0.  , 0.  , 0.  , 0.  ],
       [0.  , 0.  , 0.  , 0.  , 0.  ],
       [0.  , 0.  , 0.  , 0.  , 0.  ]], dtype=float32), 3, array([list([-1.0015999999284744]), 0, 361.0, 0.0, 0], dtype=object)) (array([[1.  , 0.04, 1.  , 0.  , 0.  ],
       [0.  , 0.  , 0.  , 0.  , 0.  ],
       [0.  , 0.  , 0.  , 0.  , 0.  ],
       [0.  , 0.  , 0.  , 0.  , 0.  ],
       [0.  , 0.  , 0.  , 0.  , 0.  ]], dtype=float32), 3, array([list([-1.0015999999284744]), 0, 361.0, 0.0, 0], dtype=object)) ([[1.0, 0.03999999910593033, 1.0, 0.0, 0.0], [0.0, 0.0, 0.0, 0.0, 0.0], [1.0, 0.03999999910593033, 1.0, 0.0, 0.0], [0.0, 0.0, 0.0, 0.0, 0.0]], None)
(array([[ 1.        ,  0.04      ,  1.        ,  0.        ,  0.        ],
       [ 0.21917328,  0.04      , -0.05177294,  0.        ,  0.        ],
       [ 0.        ,  0.        ,  0.        ,  0.        ,  0.        ],
       [ 0.        ,  0.        ,  0.        ,  0.        ,  0.        ],
       [ 0.        ,  0.        ,  0.        ,  0.        ,  0.        ]],
      dtype=float32), 3, array([list([-0.6096903629416142]), 0, 361.0, 0.0, 0], dtype=object)) (array([[ 1.        ,  0.02242024,  1.        , -0.2270155 , -0.18262586],
       [ 0.21039613,  0.05757976, -0.03098568,  0.2270155 ,  0.        ],
       [ 0.        ,  0.        ,  0.        ,  0.        ,  0.        ],
       [ 0.        ,  0.        ,  0.        ,  0.        ,  0.        ],
       [ 0.        ,  0.        ,  0.        ,  0.        ,  0.        ]],
      dtype=float32), 1, array([list([-0.6247104693530372]), 10, 361.0, -0.18262585997581482, 0],
      dtype=object)) (array([[ 1.        ,  0.00205512,  1.        , -0.03419834, -0.0245988 ],
       [ 0.19462934,  0.07794488, -0.1917367 ,  0.03419834,  0.        ],
       [ 0.        ,  0.        ,  0.        ,  0.        ,  0.        ],
       [ 0.        ,  0.        ,  0.        ,  0.        ,  0.        ],
       [ 0.        ,  0.        ,  0.        ,  0.        ,  0.        ]],
      dtype=float32), 0, array([list([-0.654381153807534]), 10, 361.0, -0.024598799645900726, 0],
      dtype=object)) (array([[ 1.0000000e+00,  9.4848656e-05,  1.0000000e+00, -1.8617811e-03,
        -1.2568837e-03],
       [ 1.4519161e-01,  7.9905152e-02, -2.8303975e-01,  1.8617811e-03,
         0.0000000e+00],
       [ 0.0000000e+00,  0.0000000e+00,  0.0000000e+00,  0.0000000e+00,
         0.0000000e+00],
       [ 0.0000000e+00,  0.0000000e+00,  0.0000000e+00,  0.0000000e+00,
         0.0000000e+00],
       [ 0.0000000e+00,  0.0000000e+00,  0.0000000e+00,  0.0000000e+00,
         0.0000000e+00]], dtype=float32), 3, array([list([-0.7370670684257498]), 10, 361.0, -0.0012568837264552712, 0],
      dtype=object)) (array([[ 1.0000000e+00,  2.7501351e-06,  1.0000000e+00, -6.4245127e-05,
        -4.2921682e-05],
       [ 8.6700767e-02,  7.9997249e-02, -2.9857185e-01,  6.4245127e-05,
         0.0000000e+00],
       [ 0.0000000e+00,  0.0000000e+00,  0.0000000e+00,  0.0000000e+00,
         0.0000000e+00],
       [ 0.0000000e+00,  0.0000000e+00,  0.0000000e+00,  0.0000000e+00,
         0.0000000e+00],
       [ 0.0000000e+00,  0.0000000e+00,  0.0000000e+00,  0.0000000e+00,
         0.0000000e+00]], dtype=float32), 3, array([list([-0.8405146083296371]), 10, 361.0, -4.2921681597363204e-05, 0],
      dtype=object)) (array([[ 1.0000000e+00,  1.9712409e-08,  1.0000000e+00, -1.1157459e-06,
        -7.4410201e-07],
       [ 2.6664665e-02,  7.9999983e-02, -3.0122590e-01,  1.1157459e-06,
         0.0000000e+00],
       [ 0.0000000e+00,  0.0000000e+00,  0.0000000e+00,  0.0000000e+00,
         0.0000000e+00],
       [ 0.0000000e+00,  0.0000000e+00,  0.0000000e+00,  0.0000000e+00,
         0.0000000e+00],
       [ 0.0000000e+00,  0.0000000e+00,  0.0000000e+00,  0.0000000e+00,
         0.0000000e+00]], dtype=float32), 3, array([list([-0.9537816685959322]), 10, 361.0, -7.441020102305629e-07, 0],
      dtype=object)) (array([[ 1.0000000e+00, -3.6872108e-09,  1.0000000e+00,  3.9187743e-08,
         2.6126790e-08],
       [-3.3635497e-02,  8.0000006e-02, -3.0167946e-01, -3.9187743e-08,
         0.0000000e+00],
       [ 0.0000000e+00,  0.0000000e+00,  0.0000000e+00,  0.0000000e+00,
         0.0000000e+00],
       [ 0.0000000e+00,  0.0000000e+00,  0.0000000e+00,  0.0000000e+00,
         0.0000000e+00],
       [ 0.0000000e+00,  0.0000000e+00,  0.0000000e+00,  0.0000000e+00,
         0.0000000e+00]], dtype=float32), 3, array([list([-1.0748023423470525]), 10, 361.0, 2.612678962066184e-08, 0],
      dtype=object)) (array([[ 1.0000000e+00, -3.0063685e-10,  1.0000000e+00,  4.8729669e-09,
         3.2486793e-09],
       [-9.3980782e-02,  7.9999998e-02, -3.0175698e-01, -4.8729669e-09,
         0.0000000e+00],
       [ 0.0000000e+00,  0.0000000e+00,  0.0000000e+00,  0.0000000e+00,
         0.0000000e+00],
       [ 0.0000000e+00,  0.0000000e+00,  0.0000000e+00,  0.0000000e+00,
         0.0000000e+00],
       [ 0.0000000e+00,  0.0000000e+00,  0.0000000e+00,  0.0000000e+00,
         0.0000000e+00]], dtype=float32), 3, array([list([-1.2031939505653109]), 10, 361.0, 3.2486793255515067e-09, 0],
      dtype=object)) (array([[ 1.0000000e+00, -1.4709345e-11,  1.0000000e+00,  2.7651703e-10,
         1.8434503e-10],
       [ 0.0000000e+00,  0.0000000e+00,  0.0000000e+00,  0.0000000e+00,
         0.0000000e+00],
       [ 0.0000000e+00,  0.0000000e+00,  0.0000000e+00,  0.0000000e+00,
         0.0000000e+00],
       [ 0.0000000e+00,  0.0000000e+00,  0.0000000e+00,  0.0000000e+00,
         0.0000000e+00],
       [ 0.0000000e+00,  0.0000000e+00,  0.0000000e+00,  0.0000000e+00,
         0.0000000e+00]], dtype=float32), 3, array([list([-1.0]), 10, 361.0, 1.8434502535580322e-10, 0], dtype=object)) (array([[ 1.0000000e+00, -4.9704685e-13,  1.0000000e+00,  1.0786483e-11,
         7.1908777e-12],
       [ 0.0000000e+00,  0.0000000e+00,  0.0000000e+00,  0.0000000e+00,
         0.0000000e+00],
       [ 0.0000000e+00,  0.0000000e+00,  0.0000000e+00,  0.0000000e+00,
         0.0000000e+00],
       [ 0.0000000e+00,  0.0000000e+00,  0.0000000e+00,  0.0000000e+00,
         0.0000000e+00],
       [ 0.0000000e+00,  0.0000000e+00,  0.0000000e+00,  0.0000000e+00,
         0.0000000e+00]], dtype=float32), 3, array([list([-1.0]), 10, 361.0, 7.1908776676232744e-12, 0], dtype=object)) (array([[ 1.0000000e+00, -8.4376950e-15,  1.0000000e+00,  2.6068037e-13,
         1.7382394e-13],
       [ 0.0000000e+00,  0.0000000e+00,  0.0000000e+00,  0.0000000e+00,
         0.0000000e+00],
       [ 0.0000000e+00,  0.0000000e+00,  0.0000000e+00,  0.0000000e+00,
         0.0000000e+00],
       [ 0.0000000e+00,  0.0000000e+00,  0.0000000e+00,  0.0000000e+00,
         0.0000000e+00],
       [ 0.0000000e+00,  0.0000000e+00,  0.0000000e+00,  0.0000000e+00,
         0.0000000e+00]], dtype=float32), 3, array([list([-1.0]), 10, 361.0, 1.738239408096906e-13, 0], dtype=object)) ([[1.0, -8.43769498715119e-15, 1.0, 2.6068036618198676e-13, 1.738239408096906e-13], [0.0, 0.0, 0.0, 0.0, 0.0], [1.0, -8.43769498715119e-15, 1.0, 2.6068036618198676e-13, 1.738239408096906e-13], [0.0, 0.0, 0.0, 0.0, 0.0]], None)
