[[1.   0.   0.31 0.   0.  ]
 [1.   0.33 0.27 0.   0.  ]] 1

[[1.   0.   0.31 0.   0.  ]
 [1.   0.33 0.27 0.   0.  ]] 1

[[1.   0.   0.31 0.   0.  ]
 [1.   0.33 0.27 0.   0.  ]] 1

[[1.   0.   0.31 0.   0.  ]
 [1.   0.33 0.27 0.   0.  ]] 1

[[1.   0.   0.31 0.   0.  ]
 [1.   0.33 0.27 0.   0.  ]] 1

[[1.   0.   0.31 0.   0.  ]
 [1.   0.33 0.27 0.   0.  ]] 1

[[1.   0.   0.31 0.   0.  ]
 [1.   0.33 0.27 0.   0.  ]] 1

[[1.   0.   0.31 0.   0.  ]
 [1.   0.33 0.27 0.   0.  ]] 1

[[1.   0.   0.31 0.   0.  ]
 [1.   0.33 0.27 0.   0.  ]] 1

[[1.   0.   0.31 0.   0.  ]
 [1.   0.33 0.27 0.   0.  ]] 1

[[1.   0.   0.31 0.   0.  ]
 [0.   0.   0.   0.   0.  ]] 1
 
[[1.   0.   0.31 0.   0.  ]
 [0.   0.   0.   0.   0.  ]] None
