[[1.   0.   0.31 0.   0.  ]
 [1.   0.33 0.27 0.   0.  ]] 1

[[1.   0.   0.31 0.   0.  ]
 [1.   0.33 0.27 0.   0.  ]] 1

[[1.   0.   0.31 0.   0.  ]
 [1.   0.33 0.27 0.   0.  ]] 1

[[1.   0.27 0.31 0.03 0.09]
 [1.   0.33 0.27 0.   0.  ]] 1

[[1.   0.33 0.31 0.   0.01]
 [1.   0.33 0.27 0.   0.  ]] 1

[[1.   0.33 0.17 0.   0.  ]
 [1.   0.33 0.15 0.   0.  ]] 1

[[1.   0.34 0.06 0.   0.  ]
 [1.   0.33 0.05 0.   0.  ]] 1

[[1.   0.34 0.02 0.   0.  ]
 [1.   0.33 0.02 0.   0.  ]] 1

[[1.   0.34 0.01 0.   0.  ]
 [1.   0.33 0.01 0.   0.  ]] 1

[[1.   0.34 0.   0.   0.  ]
 [1.   0.33 0.   0.   0.  ]] 1

[[1.   0.34 0.   0.   0.  ]
 [1.   0.33 0.   0.   0.  ]] 1
 
[[1.   0.34 0.   0.   0.  ]
 [1.   0.33 0.   0.   0.  ]] None
